                                       .
  4       5       6                    .
     5              2    6      4      .
         3    6    212                 .
                  21112 3         3 5  .
   6     5       2111112      4        .
                211111112  6           .
 4     3     6 211  1  112             .
              2111  1  1112      5     .
        5    2 111  1 6111 2        3  .
   6           11111111111             .
            6  11111111111   3         .
 3             11122222111     4  5    .
       5       1112  62111  4          .
  6            1112   2111             .
           6   1112   2111             .
     5         5      6       4  3  5  .
