                                                                         
                                                   33333333              
 444444444444444444444444444444444444         333333333333333333         
     444444444444444444444444444444444     333333333333333333333333      
                          2222           3333333333333333333333333333    
                          2222          333333333333333333333333333333   
                     1111111111111111113333333333333344443333333333333   
                    111111111111111111133444444444444444443333333333333  
                     11111111111111111133333333333333444433333333333333  
                          2222          333333333333333333333333333333   
                          2222           3333333333333333333333333333    
     444444444444444444444444444444444    33333333333333333333333333     
 444444444444444444444444444444444444       333333333333333333333        
                                                33333333333333           
                                                                         