                                        
                                        
                    2                   
                   222  111             
                  22222 111             
         1       2222222111             
        111     22222222211             
       11111   222     2221             
      1111111 2222     2222             
     11     122222     22222            
    111     1222222222222222            
    111     12222222222222221111111     
    11111111122222     222221111111     
    11111111122222     222221111111     
    11111111122222     222221111111     
    11111111122222     222221111111     
33333333333333333333333333333333333333333