                                                                              
                                                                              
                                                                              
                                                                              
     22222222222222      33333333        11111111      3333      3333         
     22222222222222    333333333333     11111111111    3333      3333         
     22222222222222   33333    33333   1111     1111   3333      3333         
               2222   3333      3333   11111     111   3333      3333         
               2222   3333      3333   1111111         33333333333333         
               2222   3333      3333     1111111       33333333333333         
               2222   3333      3333        111111     33333333333333         
     2222      2222   3333      3333          111111   3333      3333         
     22222    22222   33333    33333   1111    11111   3333      3333         
      222222222222     333333333333     11111111111    3333      3333         
       2222222222        33333333        11111111      3333      3333         
                                                                              
                                                                              
                                                                              
                                                                              
