000000000000000000000000000000000000000000000000000000000000
000000000000000000000000000000000000000000000000000000000000
000000000000000000000000000000000000000000000000000000000000
000002222222220000000000000001000000000000000222222222000000
000002222222220000000000000011100000000000000222222222000000
000002222222220000000000000111110000000000000222222222000000
000002222222220000000000001111111000000000000222222222000000
000002222222220000000000011111111100000000000222222222000000
000002222222220000000000111111111110000000000222222222000000
000002222222220000000001111111111111000000000222222222000000
000002222222220000000011111100011111100000000222222222000000
000002222222220000000111110000000111110000000222222222000000
000002222222220000001111110000000111111000000222222222000000
000002222222220000011111100000000011111100000222222222000000
000002222222220000001111110000000111111000000222222222000000
000002222222220000000111110000000111110000000222222222000000
000002222222220000000011111100011111100000000222222222000000
000002222222220000000001111111111111000000000222222222000000
000002222222220000000000111111111110000000000222222222000000
000002222222220000000000011111111100000000000222222222000000
000002222222220000000000001111111000000000000222222222000000
000002222222220000000000000111110000000000000222222222000000
000002222222220000000000000011100000000000000222222222000000
000002222222220000000000000001000000000000000222222222000000
000000000000000000000000000000000000000000000000000000000000
000000000000000000000000000000000000000000000000000000000000
000000000000000000000000000000000000000000000000000000000000